286 0.00012384
3473 0.00012246
4951 0.00012039
3890 0.00011950
7365 0.00011818
6359 0.00011734
4352 0.00011383
7032 0.00011350
7541 0.00011322
3699 0.00011287
4877 0.00011165
3242 0.00011050
6503 0.00010993
4221 0.00010942
7293 0.00010898
2276 0.00010881
1189 0.00010880
1441 0.00010731
1866 0.00010680
8602 0.00010651
5012 0.00010651
2342 0.00010643
4660 0.00010605
7353 0.00010566
1237 0.00010560
257 0.00010560
8036 0.00010551
8314 0.00010551
7633 0.00010545
2797 0.00010536
6901 0.00010491
5303 0.00010478
9602 0.00010475
7451 0.00010471
2289 0.00010455
6579 0.00010411
1522 0.00010410
7833 0.00010392
7036 0.00010380
3916 0.00010376
1312 0.00010364
2026 0.00010338
8754 0.00010328
9559 0.00010309
3279 0.00010305
4384 0.00010303
5553 0.00010297
248 0.00010292
2568 0.00010286
1279 0.00010285
3683 0.00010235
1169 0.00010229
7016 0.00010211
6180 0.00010207
8914 0.00010202
7846 0.00010201
7497 0.00010186
5798 0.00010158
6898 0.00010157
2730 0.00010142
6655 0.00010142
1890 0.00010140
8065 0.00010139
9287 0.00010129
5421 0.00010107
9367 0.00010095
6500 0.00010090
517 0.00010087
8561 0.00010085
4240 0.00010081
5568 0.00010047
3545 0.00010035
8550 0.00010031
200 0.00010025
9747 0.00010007
2645 0.00009992
3145 0.00009989
1490 0.00009984
9043 0.00009975
614 0.00009975
8517 0.00009974
1340 0.00009973
70 0.00009953
1798 0.00009950
7220 0.00009932
348 0.00009932
1042 0.00009915
7854 0.00009870
9910 0.00009869
8278 0.00009868
472 0.00009859
6158 0.00009858
3340 0.00009853
226 0.00009853
6030 0.00009851
1493 0.00009843
8937 0.00009835
9520 0.00009830
3483 0.00009818
2794 0.00009812
